tileCharm,224,80,0,0,32,32,0,1,1,4294967295
tileCharm,352,160,0,0,32,32,0,1,1,4294967295
tileCharm,352,192,0,0,32,32,0,1,1,4294967295
tileCharm,352,224,0,0,32,32,0,1,1,4294967295
tileCharm,320,224,0,0,32,32,0,1,1,4294967295
tileCharm,288,224,0,0,32,32,0,1,1,4294967295
tileCharm,320,256,0,0,32,32,0,1,1,4294967295
tileCharm,320,288,0,0,32,32,0,1,1,4294967295
tileCharm,256,352,0,0,32,32,0,1,1,4294967295
tileCharm,208,288,0,0,32,32,0,1,1,4294967295
tileCharm,208,320,0,0,32,32,0,1,1,4294967295
tileCharm,96,224,0,0,32,32,0,1,1,4294967295
tileCharm,128,224,0,0,32,32,0,1,1,4294967295
tileCharm,128,192,0,0,32,32,0,1,1,4294967295
tileCharm,96,352,0,0,32,32,0,1,1,4294967295
tileCharm,64,352,0,0,32,32,0,1,1,4294967295
tileCharm,64,384,0,0,32,32,0,1,1,4294967295
tileCharm,64,416,0,0,32,32,0,1,1,4294967295
tileCharm,320,480,0,0,32,32,0,1,1,4294967295
tileCharm,352,480,0,0,32,32,0,1,1,4294967295
tileCharm,352,512,0,0,32,32,0,1,1,4294967295
tileCharm,352,544,0,0,32,32,0,1,1,4294967295
tileCharm,352,576,0,0,32,32,0,1,1,4294967295
tileCharm,416,384,0,0,32,32,0,1,1,4294967295
tileCharm,416,416,0,0,32,32,0,1,1,4294967295
tileCharm,416,448,0,0,32,32,0,1,1,4294967295
tileCharm,448,448,0,0,32,32,0,1,1,4294967295
tileCharm,480,448,0,0,32,32,0,1,1,4294967295
tileCharm,512,448,0,0,32,32,0,1,1,4294967295
tileCharm,544,448,0,0,32,32,0,1,1,4294967295
tileCharm,544,416,0,0,32,32,0,1,1,4294967295
tileCharm,544,384,0,0,32,32,0,1,1,4294967295
tileCharm,576,384,0,0,32,32,0,1,1,4294967295
tileCharm,480,352,0,0,32,32,0,1,1,4294967295
tileCharm,656,544,0,0,32,32,0,1,1,4294967295
tileCharm,656,576,0,0,32,32,0,1,1,4294967295
tileCharm,608,512,0,0,32,32,0,1,1,4294967295
tileCharm,608,544,0,0,32,32,0,1,1,4294967295
tileCharm,608,576,0,0,32,32,0,1,1,4294967295
tileCharm,576,544,0,0,32,32,0,1,1,4294967295
tileCharm,544,544,0,0,32,32,0,1,1,4294967295
tileCharm,544,576,0,0,32,32,0,1,1,4294967295
tileCharm,544,480,0,0,32,32,0,1,1,4294967295
tileCharm,544,512,0,0,32,32,0,1,1,4294967295
tileCharm,704,576,0,0,32,32,0,1,1,4294967295
tileCharm,736,576,0,0,32,32,0,1,1,4294967295
tileCharm,768,576,0,0,32,32,0,1,1,4294967295
tileCharm,768,512,0,0,32,32,0,1,1,4294967295
tileCharm,768,480,0,0,32,32,0,1,1,4294967295
tileCharm,768,544,0,0,32,32,0,1,1,4294967295
tileCharm,736,480,0,0,32,32,0,1,1,4294967295
tileCharm,704,480,0,0,32,32,0,1,1,4294967295
tileCharm,704,448,0,0,32,32,0,1,1,4294967295
tileCharm,640,416,0,0,32,32,0,1,1,4294967295
tileCharm,672,416,0,0,32,32,0,1,1,4294967295
tileCharm,672,384,0,0,32,32,0,1,1,4294967295
tileCharm,768,320,0,0,32,32,0,1,1,4294967295
tileCharm,768,288,0,0,32,32,0,1,1,4294967295
tileCharm,768,256,0,0,32,32,0,1,1,4294967295
tileCharm,768,224,0,0,32,32,0,1,1,4294967295
tileCharm,768,192,0,0,32,32,0,1,1,4294967295
tileCharm,768,160,0,0,32,32,0,1,1,4294967295
tileCharm,768,128,0,0,32,32,0,1,1,4294967295
tileCharm,768,96,0,0,32,32,0,1,1,4294967295
tileCharm,768,64,0,0,32,32,0,1,1,4294967295
tileCharm,768,32,0,0,32,32,0,1,1,4294967295
tileCharm,768,0,0,0,32,32,0,1,1,4294967295
tileCharm,704,128,0,0,32,32,0,1,1,4294967295
tileCharm,704,96,0,0,32,32,0,1,1,4294967295
tileCharm,704,64,0,0,32,32,0,1,1,4294967295
tileCharm,672,64,0,0,32,32,0,1,1,4294967295
tileCharm,640,64,0,0,32,32,0,1,1,4294967295
tileCharm,640,96,0,0,32,32,0,1,1,4294967295
tileCharm,640,128,0,0,32,32,0,1,1,4294967295
tileCharm,640,160,0,0,32,32,0,1,1,4294967295
tileCharm,608,160,0,0,32,32,0,1,1,4294967295
tileCharm,576,160,0,0,32,32,0,1,1,4294967295
tileCharm,576,192,0,0,32,32,0,1,1,4294967295
tileCharm,576,224,0,0,32,32,0,1,1,4294967295
tileCharm,544,224,0,0,32,32,0,1,1,4294967295
tileCharm,512,224,0,0,32,32,0,1,1,4294967295
tileCharm,512,256,0,0,32,32,0,1,1,4294967295
tileCharm,512,288,0,0,32,32,0,1,1,4294967295
tileCharm,512,128,0,0,32,32,0,1,1,4294967295
tileCharm,512,96,0,0,32,32,0,1,1,4294967295
tileCharm,544,96,0,0,32,32,0,1,1,4294967295
tileCharm,544,32,0,0,32,32,0,1,1,4294967295
tileCharm,544,0,0,0,32,32,0,1,1,4294967295
tileCharm,544,64,0,0,32,32,0,1,1,4294967295
