Block,768,1184,4934F549,0,1,1,4294967295,0,0
Block,736,1184,82195669,0,1,1,4294967295,0,0
Block,704,1184,1370E67A,0,1,1,4294967295,0,0
Block,672,1184,644F7E88,0,1,1,4294967295,0,0
Block,640,1184,C2457781,0,1,1,4294967295,0,0
Block,608,1184,D40C876D,0,1,1,4294967295,0,0
Block,576,1184,5248D66B,0,1,1,4294967295,0,0
Block,544,1184,DA4FE684,0,1,1,4294967295,0,0
Block,512,1184,09C759B1,0,1,1,4294967295,0,0
Block,480,1184,3A093788,0,1,1,4294967295,0,0
Block,448,1184,B1C0596D,0,1,1,4294967295,0,0
Block,416,1184,BE11D667,0,1,1,4294967295,0,0
Block,384,1184,9FDF21DC,0,1,1,4294967295,0,0
Block,160,1184,39FABAE4,0,1,1,4294967295,0,0
Block,128,1184,5B483C37,0,1,1,4294967295,0,0
Block,96,1184,9DEB8554,0,1,1,4294967295,0,0
Block,64,1184,7EE19035,0,1,1,4294967295,0,0
Block,32,1184,A112AC40,0,1,1,4294967295,0,0
Block,192,1184,39002851,0,1,1,4294967295,0,0
Block,352,1184,301A7713,0,1,1,4294967295,0,0
Block,320,1184,FAC1CDB7,0,1,1,4294967295,0,0
Block,288,1184,188C8EE8,0,1,1,4294967295,0,0
Block,256,1184,1EDFA8D0,0,1,1,4294967295,0,0
Block,224,1184,2A06810E,0,1,1,4294967295,0,0
Block,0,0,48B6EE25,0,1,1,4294967295,0,0
Block,0,32,6BE59693,0,1,1,4294967295,0,0
Block,0,64,DF03F234,0,1,1,4294967295,0,0
Block,0,96,9477CF5E,0,1,1,4294967295,0,0
Block,0,128,A1CB816C,0,1,1,4294967295,0,0
Block,0,160,982C6306,0,1,1,4294967295,0,0
Block,0,192,10F22829,0,1,1,4294967295,0,0
Block,0,224,463BCDC4,0,1,1,4294967295,0,0
Block,0,256,DD1B878A,0,1,1,4294967295,0,0
Block,0,288,3ED50271,0,1,1,4294967295,0,0
Block,0,320,E04E36C6,0,1,1,4294967295,0,0
Block,0,352,D1E65F83,0,1,1,4294967295,0,0
Block,0,384,97368198,0,1,1,4294967295,0,0
Block,0,416,373CA4C6,0,1,1,4294967295,0,0
Block,0,448,4E09D5AC,0,1,1,4294967295,0,0
Block,0,480,1F25AD85,0,1,1,4294967295,0,0
Block,0,512,AB38E9E9,0,1,1,4294967295,0,0
Block,0,544,E6B6C079,0,1,1,4294967295,0,0
Block,0,576,4AA38C4A,0,1,1,4294967295,0,0
Block,0,608,945B1462,0,1,1,4294967295,0,0
Block,0,640,D56CDCEC,0,1,1,4294967295,0,0
Block,0,672,675C3294,0,1,1,4294967295,0,0
Block,0,704,E4EBA176,0,1,1,4294967295,0,0
Block,0,736,4DF2574B,0,1,1,4294967295,0,0
Block,0,768,E49F3E0A,0,1,1,4294967295,0,0
Block,0,800,2F33FBF2,0,1,1,4294967295,0,0
Block,0,832,21122515,0,1,1,4294967295,0,0
Block,0,864,9F2C3E00,0,1,1,4294967295,0,0
Block,0,896,B6EBA519,0,1,1,4294967295,0,0
Block,0,928,3D515101,0,1,1,4294967295,0,0
Block,0,960,34B4F516,0,1,1,4294967295,0,0
Block,0,992,BA220626,0,1,1,4294967295,0,0
Block,0,1024,1DE9A1E9,0,1,1,4294967295,0,0
Block,0,1152,00D14D11,0,1,1,4294967295,0,0
Block,0,1120,954A68A7,0,1,1,4294967295,0,0
Block,0,1088,EF12F4A7,0,1,1,4294967295,0,0
Block,0,1056,998C68E5,0,1,1,4294967295,0,0
Block,0,1184,097444C0,0,1,1,4294967295,0,0
Block,768,1120,1233A72C,0,1,1,4294967295,0,0
Block,768,1088,236CFFFE,0,1,1,4294967295,0,0
Block,768,1056,1B9CB084,0,1,1,4294967295,0,0
Block,768,1152,33E5786D,0,1,1,4294967295,0,0
Block,768,1024,72553F54,0,1,1,4294967295,0,0
Block,768,992,6968FBB9,0,1,1,4294967295,0,0
Block,768,960,96E13582,0,1,1,4294967295,0,0
Block,768,928,C9BD6A8F,0,1,1,4294967295,0,0
Block,768,896,513C99F6,0,1,1,4294967295,0,0
Block,768,864,99BD3A80,0,1,1,4294967295,0,0
Block,768,832,31DEBE10,0,1,1,4294967295,0,0
Block,768,800,E8C78917,0,1,1,4294967295,0,0
Block,768,768,E76D9149,0,1,1,4294967295,0,0
Block,768,736,AB30CEE8,0,1,1,4294967295,0,0
Block,768,704,9C617425,0,1,1,4294967295,0,0
Block,768,672,BA8BF114,0,1,1,4294967295,0,0
Block,768,640,A3453938,0,1,1,4294967295,0,0
Block,768,608,882666DF,0,1,1,4294967295,0,0
Block,768,576,DEDDEA39,0,1,1,4294967295,0,0
Block,768,544,7FA1B9AF,0,1,1,4294967295,0,0
Block,768,512,DE06D882,0,1,1,4294967295,0,0
Block,768,480,3B31BB21,0,1,1,4294967295,0,0
Block,768,448,AAFCA488,0,1,1,4294967295,0,0
Block,768,416,5541791B,0,1,1,4294967295,0,0
Block,768,384,1CDA0B5A,0,1,1,4294967295,0,0
Block,768,352,AF860802,0,1,1,4294967295,0,0
Block,768,320,2CC0BED3,0,1,1,4294967295,0,0
Block,768,288,9DD293B8,0,1,1,4294967295,0,0
Block,768,256,88B38283,0,1,1,4294967295,0,0
Block,768,224,D26663A4,0,1,1,4294967295,0,0
Block,768,192,06D248AC,0,1,1,4294967295,0,0
Block,768,160,69597930,0,1,1,4294967295,0,0
Block,768,128,E7BA96B8,0,1,1,4294967295,0,0
Block,768,96,B1D4CD63,0,1,1,4294967295,0,0
Block,768,64,77E4F709,0,1,1,4294967295,0,0
Block,768,32,2BFC072A,0,1,1,4294967295,0,0
Block,768,0,678E8302,0,1,1,4294967295,0,0
Block,736,0,6DF0C9D6,0,1,1,4294967295,0,0
Block,704,0,267B57C4,0,1,1,4294967295,0,0
Block,672,0,078F0976,0,1,1,4294967295,0,0
Block,640,0,B0E70842,0,1,1,4294967295,0,0
Block,608,0,D779B381,0,1,1,4294967295,0,0
Block,576,0,63E89738,0,1,1,4294967295,0,0
Block,544,0,64050821,0,1,1,4294967295,0,0
Block,512,0,1183EFF9,0,1,1,4294967295,0,0
Block,480,0,2F50D660,0,1,1,4294967295,0,0
Block,448,0,E780FD56,0,1,1,4294967295,0,0
Block,416,0,78E34933,0,1,1,4294967295,0,0
Block,384,0,47C9611D,0,1,1,4294967295,0,0
Block,352,0,6AF40B5E,0,1,1,4294967295,0,0
Block,320,0,E59103E1,0,1,1,4294967295,0,0
Block,288,0,AA0ADF0D,0,1,1,4294967295,0,0
Block,64,0,0A0737ED,0,1,1,4294967295,0,0
Block,32,0,6F6BDEF4,0,1,1,4294967295,0,0
Block,96,0,5F4BAD3C,0,1,1,4294967295,0,0
Block,128,0,0B4EAF6A,0,1,1,4294967295,0,0
Block,160,0,59DC3ABB,0,1,1,4294967295,0,0
Block,192,0,4E01E559,0,1,1,4294967295,0,0
Block,224,0,47A635C9,0,1,1,4294967295,0,0
Block,256,0,10BF8D66,0,1,1,4294967295,0,0
PlayerStart,64,1152,B4754335,0,1,1,4294967295,0,0
