Block,-1152,896,F31601BD,0,25,19,4294967295,0,0
Block,224,1568,B5494DD6,0,1,1,4294967295,0,0
Block,256,1568,3B347060,0,1,1,4294967295,0,0
Block,288,1568,2995A240,0,1,1,4294967295,0,0
Block,320,1568,FB024C19,0,1,1,4294967295,0,0
Block,352,1568,F3C3552B,0,1,1,4294967295,0,0
Block,320,1536,9C746CB5,0,1,1,4294967295,0,0
Block,256,1536,7105CD4B,0,1,1,4294967295,0,0
Block,288,1536,994AD52B,0,1,1,4294967295,0,0
Block,224,1600,8AD8568C,0,1,1,4294967295,0,0
Block,256,1600,3A90ED0D,0,1,1,4294967295,0,0
Block,288,1600,384BE999,0,1,1,4294967295,0,0
Block,320,1600,D0F89FDD,0,1,1,4294967295,0,0
Block,352,1600,9D3E4B76,0,1,1,4294967295,0,0
Block,288,1632,5A63FD54,0,1,1,4294967295,0,0
Block,288,1664,0E1936F0,0,1,1,4294967295,0,0
Block,288,1696,952FCBF7,0,1,1,4294967295,0,0
Block,320,1664,12BB52AF,0,1,1,4294967295,0,0
Block,288,1728,DD8F9B67,0,1,1,4294967295,0,0
Block,288,1760,7751E59A,0,1,1,4294967295,0,0
Block,256,1728,11FAB6E6,0,1,1,4294967295,0,0
Block,288,1792,E1A5F899,0,1,1,4294967295,0,0
